       3630.0000       0.0000000
       3655.0000   0.00030000000
       3680.0000   0.00080000000
       3705.0000    0.0013000000
       3730.0000    0.0019000000
       3755.0000    0.0024000000
       3780.0000    0.0034000000
       3805.0000    0.0055000000
       3830.0000     0.010300000
       3855.0000     0.019400000
       3880.0000     0.032600000
       3905.0000     0.049200000
       3930.0000     0.068600000
       3955.0000     0.090000000
       3980.0000      0.11230000
       4005.0000      0.13420000
       4030.0000      0.15450000
       4055.0000      0.17220000
       4080.0000      0.18730000
       4105.0000      0.20030000
       4130.0000      0.21160000
       4155.0000      0.22140000
       4180.0000      0.23010000
       4205.0000      0.23780000
       4230.0000      0.24480000
       4255.0000      0.25130000
       4280.0000      0.25740000
       4305.0000      0.26330000
       4330.0000      0.26910000
       4355.0000      0.27470000
       4380.0000      0.28010000
       4405.0000      0.28520000
       4430.0000      0.28990000
       4455.0000      0.29400000
       4480.0000      0.29790000
       4505.0000      0.30160000
       4530.0000      0.30550000
       4555.0000      0.30970000
       4580.0000      0.31410000
       4605.0000      0.31840000
       4630.0000      0.32240000
       4655.0000      0.32570000
       4680.0000      0.32840000
       4705.0000      0.33070000
       4730.0000      0.33270000
       4755.0000      0.33460000
       4780.0000      0.33640000
       4805.0000      0.33830000
       4830.0000      0.34030000
       4855.0000      0.34250000
       4880.0000      0.34480000
       4905.0000      0.34720000
       4930.0000      0.34950000
       4955.0000      0.35190000
       4980.0000      0.35410000
       5005.0000      0.35620000
       5030.0000      0.35810000
       5055.0000      0.35970000
       5080.0000      0.36090000
       5105.0000      0.36130000
       5130.0000      0.36090000
       5155.0000      0.35950000
       5180.0000      0.35810000
       5205.0000      0.35580000
       5230.0000      0.34520000
       5255.0000      0.31940000
       5280.0000      0.28070000
       5305.0000      0.23390000
       5330.0000      0.18390000
       5355.0000      0.13520000
       5380.0000     0.091100000
       5405.0000     0.054800000
       5430.0000     0.029500000
       5455.0000     0.016600000
       5480.0000     0.011200000
       5505.0000    0.0077000000
       5530.0000    0.0050000000
       5555.0000    0.0032000000
       5580.0000    0.0021000000
       5605.0000    0.0015000000
       5630.0000    0.0012000000
       5655.0000    0.0010000000
       5680.0000   0.00090000000
       5705.0000   0.00080000000
       5730.0000   0.00060000000
       5755.0000   0.00050000000
       5780.0000   0.00030000000
       5805.0000   0.00010000000
       5830.0000       0.0000000
