       6430.0000       0.0000000
       6455.0000   0.00010000000
       6480.0000   0.00030000000
       6505.0000   0.00040000000
       6530.0000   0.00040000000
       6555.0000   0.00030000000
       6580.0000   0.00030000000
       6605.0000   0.00040000000
       6630.0000   0.00090000000
       6655.0000    0.0019000000
       6680.0000    0.0034000000
       6705.0000    0.0056000000
       6730.0000     0.010300000
       6755.0000     0.019400000
       6780.0000     0.034400000
       6805.0000     0.056100000
       6830.0000     0.083900000
       6855.0000      0.11640000
       6880.0000      0.15280000
       6905.0000      0.19480000
       6930.0000      0.24080000
       6955.0000      0.28570000
       6980.0000      0.32330000
       7005.0000      0.35030000
       7030.0000      0.37590000
       7055.0000      0.39900000
       7080.0000      0.41620000
       7105.0000      0.42330000
       7130.0000      0.41650000
       7155.0000      0.39430000
       7180.0000      0.37600000
       7205.0000      0.38230000
       7230.0000      0.39180000
       7255.0000      0.38920000
       7280.0000      0.38280000
       7305.0000      0.38200000
       7330.0000      0.38840000
       7355.0000      0.38720000
       7380.0000      0.38210000
       7405.0000      0.37870000
       7430.0000      0.37590000
       7455.0000      0.37270000
       7480.0000      0.36810000
       7505.0000      0.36180000
       7530.0000      0.35650000
       7555.0000      0.35540000
       7580.0000      0.34780000
       7605.0000      0.14730000
       7630.0000      0.20960000
       7655.0000      0.26480000
       7680.0000      0.33000000
       7705.0000      0.32560000
       7730.0000      0.32230000
       7755.0000      0.31790000
       7780.0000      0.31290000
       7805.0000      0.30770000
       7830.0000      0.30260000
       7855.0000      0.29800000
       7880.0000      0.29440000
       7905.0000      0.29210000
       7930.0000      0.29160000
       7955.0000      0.29210000
       7980.0000      0.29270000
       8005.0000      0.29230000
       8030.0000      0.28960000
       8055.0000      0.28400000
       8080.0000      0.27580000
       8105.0000      0.26420000
       8130.0000      0.24270000
       8155.0000      0.20910000
       8180.0000      0.16890000
       8205.0000      0.12760000
       8230.0000     0.090100000
       8255.0000     0.060300000
       8280.0000     0.037800000
       8305.0000     0.021800000
       8330.0000     0.011700000
       8355.0000    0.0068000000
       8380.0000    0.0048000000
       8405.0000    0.0033000000
       8430.0000    0.0020000000
       8455.0000    0.0013000000
       8480.0000    0.0010000000
       8505.0000   0.00090000000
       8530.0000   0.00090000000
       8555.0000   0.00080000000
       8580.0000   0.00050000000
       8605.0000   0.00020000000
       8630.0000       0.0000000
