       5380.0000       0.0000000
       5405.0000    0.0014000000
       5430.0000    0.0099000000
       5455.0000     0.025900000
       5480.0000     0.049700000
       5505.0000     0.080700000
       5530.0000      0.11860000
       5555.0000      0.16250000
       5580.0000      0.20930000
       5605.0000      0.25550000
       5630.0000      0.29750000
       5655.0000      0.33260000
       5680.0000      0.36090000
       5705.0000      0.38340000
       5730.0000      0.40100000
       5755.0000      0.41470000
       5780.0000      0.42530000
       5805.0000      0.43330000
       5830.0000      0.43950000
       5855.0000      0.44460000
       5880.0000      0.44890000
       5905.0000      0.45270000
       5930.0000      0.45630000
       5955.0000      0.45990000
       5980.0000      0.46340000
       6005.0000      0.46650000
       6030.0000      0.46890000
       6055.0000      0.47030000
       6080.0000      0.47110000
       6105.0000      0.47170000
       6130.0000      0.47270000
       6155.0000      0.47440000
       6180.0000      0.47670000
       6205.0000      0.47920000
       6230.0000      0.48190000
       6255.0000      0.48440000
       6280.0000      0.48670000
       6305.0000      0.48870000
       6330.0000      0.49020000
       6355.0000      0.49090000
       6380.0000      0.49120000
       6405.0000      0.49120000
       6430.0000      0.49120000
       6455.0000      0.49140000
       6480.0000      0.49150000
       6505.0000      0.49120000
       6530.0000      0.49010000
       6555.0000      0.48780000
       6580.0000      0.48520000
       6605.0000      0.48180000
       6630.0000      0.46970000
       6655.0000      0.44210000
       6680.0000      0.40090000
       6705.0000      0.34990000
       6730.0000      0.29240000
       6755.0000      0.23180000
       6780.0000      0.17150000
       6805.0000      0.11520000
       6830.0000     0.068700000
       6855.0000     0.038000000
       6880.0000     0.021200000
       6905.0000     0.013400000
       6930.0000    0.0099000000
       6955.0000    0.0076000000
       6980.0000    0.0055000000
       7005.0000    0.0039000000
       7030.0000    0.0027000000
       7055.0000    0.0020000000
       7080.0000    0.0015000000
       7105.0000    0.0012000000
       7130.0000    0.0010000000
       7155.0000   0.00070000000
       7180.0000   0.00040000000
       7205.0000   0.00020000000
       7230.0000       0.0000000
