       2980.0000       0.0000000
       3005.0000   0.00010000000
       3030.0000   0.00050000000
       3055.0000    0.0013000000
       3080.0000    0.0026000000
       3105.0000    0.0052000000
       3130.0000    0.0093000000
       3155.0000     0.016100000
       3180.0000     0.024000000
       3205.0000     0.032300000
       3230.0000     0.040500000
       3255.0000     0.048500000
       3280.0000     0.056100000
       3305.0000     0.063400000
       3330.0000     0.070000000
       3355.0000     0.075600000
       3380.0000     0.080300000
       3405.0000     0.084800000
       3430.0000     0.088300000
       3455.0000     0.091700000
       3480.0000     0.095900000
       3505.0000      0.10010000
       3530.0000      0.10290000
       3555.0000      0.10440000
       3580.0000      0.10530000
       3605.0000      0.10630000
       3630.0000      0.10750000
       3655.0000      0.10850000
       3680.0000      0.10840000
       3705.0000      0.10640000
       3730.0000      0.10240000
       3755.0000     0.096600000
       3780.0000     0.088700000
       3805.0000     0.078700000
       3830.0000     0.067200000
       3855.0000     0.054900000
       3880.0000     0.041300000
       3905.0000     0.026800000
       3930.0000     0.014500000
       3955.0000    0.0075000000
       3980.0000    0.0042000000
       4005.0000    0.0022000000
       4030.0000    0.0010000000
       4055.0000   0.00060000000
       4080.0000   0.00040000000
       4105.0000   0.00020000000
       4130.0000       0.0000000
