       7730.0000       0.0000000
       7755.0000       0.0000000
       7780.0000   0.00010000000
       7805.0000   0.00010000000
       7830.0000   0.00010000000
       7855.0000   0.00020000000
       7880.0000   0.00020000000
       7905.0000   0.00030000000
       7930.0000   0.00050000000
       7955.0000   0.00070000000
       7980.0000    0.0011000000
       8005.0000    0.0017000000
       8030.0000    0.0027000000
       8055.0000    0.0040000000
       8080.0000    0.0057000000
       8105.0000    0.0079000000
       8130.0000     0.010600000
       8155.0000     0.013900000
       8180.0000     0.017800000
       8205.0000     0.022200000
       8230.0000     0.027100000
       8255.0000     0.032400000
       8280.0000     0.038200000
       8305.0000     0.044600000
       8330.0000     0.051100000
       8355.0000     0.056400000
       8380.0000     0.060300000
       8405.0000     0.063700000
       8430.0000     0.066700000
       8455.0000     0.069400000
       8480.0000     0.071700000
       8505.0000     0.073600000
       8530.0000     0.075200000
       8555.0000     0.076500000
       8580.0000     0.077500000
       8605.0000     0.078200000
       8630.0000     0.078600000
       8655.0000     0.078700000
       8680.0000     0.078500000
       8705.0000     0.078000000
       8730.0000     0.077200000
       8755.0000     0.076300000
       8780.0000     0.075100000
       8805.0000     0.073800000
       8830.0000     0.072300000
       8855.0000     0.070800000
       8880.0000     0.069300000
       8905.0000     0.067400000
       8930.0000     0.063200000
       8955.0000     0.058100000
       8980.0000     0.054300000
       9005.0000     0.052600000
       9030.0000     0.052300000
       9055.0000     0.052200000
       9080.0000     0.051200000
       9105.0000     0.049600000
       9130.0000     0.048100000
       9155.0000     0.047300000
       9180.0000     0.047600000
       9205.0000     0.048200000
       9230.0000     0.047600000
       9255.0000     0.044700000
       9280.0000     0.039100000
       9305.0000     0.032900000
       9330.0000     0.028300000
       9355.0000     0.026400000
       9380.0000     0.027100000
       9405.0000     0.028300000
       9430.0000     0.027500000
       9455.0000     0.025400000
       9480.0000     0.025200000
       9505.0000     0.025600000
       9530.0000     0.024600000
       9555.0000     0.024400000
       9580.0000     0.025200000
       9605.0000     0.025800000
       9630.0000     0.026500000
       9655.0000     0.027400000
       9680.0000     0.027900000
       9705.0000     0.027100000
       9730.0000     0.025200000
       9755.0000     0.023600000
       9780.0000     0.022700000
       9805.0000     0.022200000
       9830.0000     0.021600000
       9855.0000     0.020800000
       9880.0000     0.019600000
       9905.0000     0.018300000
       9930.0000     0.017100000
       9955.0000     0.016000000
       9980.0000     0.014900000
       10005.000     0.013800000
       10030.000     0.012800000
       10055.000     0.011800000
       10080.000     0.010800000
       10105.000    0.0099000000
       10130.000    0.0091000000
       10155.000    0.0083000000
       10180.000    0.0075000000
       10205.000    0.0068000000
       10230.000    0.0061000000
       10255.000    0.0055000000
       10280.000    0.0050000000
       10305.000    0.0045000000
       10330.000    0.0041000000
       10355.000    0.0037000000
       10380.000    0.0033000000
       10405.000    0.0030000000
       10430.000    0.0027000000
       10455.000    0.0025000000
       10480.000    0.0023000000
       10505.000    0.0021000000
       10530.000    0.0019000000
       10555.000    0.0018000000
       10580.000    0.0017000000
       10605.000    0.0016000000
       10630.000    0.0015000000
       10655.000    0.0014000000
       10680.000    0.0013000000
       10705.000    0.0012000000
       10730.000    0.0011000000
       10755.000    0.0010000000
       10780.000   0.00090000000
       10805.000   0.00080000000
       10830.000   0.00080000000
       10855.000   0.00070000000
       10880.000   0.00060000000
       10905.000   0.00060000000
       10930.000   0.00060000000
       10955.000   0.00050000000
       10980.000   0.00050000000
       11005.000   0.00040000000
       11030.000   0.00040000000
       11055.000   0.00030000000
       11080.000   0.00030000000
       11105.000   0.00020000000
       11130.000   0.00020000000
       11155.000   0.00010000000
       11180.000   0.00010000000
       11205.000       0.0000000
       11230.000       0.0000000
